!-------------------------------------------------------------------------------------------------------------------
! M/Ms    log t(yr)  Teff     L/Ls    g   R/Rs Log(Li/Li0) log Tc  log ROc   Mrad     Rrad       k2conv      k2rad
!-------------------------------------------------------------------------------------------------------------------
 0.130     5.702708     3006.  -0.926  3.344  1.270   0.0000   5.931  -0.2541  0.0000   0.000E+00  4.416E-01  0.000E+00
 0.130     5.725260     3006.  -0.928  3.345  1.268   0.0000   5.932  -0.2519  0.0000   0.000E+00  4.416E-01  0.000E+00
 0.130     5.746176     3007.  -0.929  3.347  1.266   0.0000   5.933  -0.2496  0.0000   0.000E+00  4.417E-01  0.000E+00
 0.130     5.765643     3007.  -0.931  3.348  1.263   0.0000   5.933  -0.2474  0.0000   0.000E+00  4.417E-01  0.000E+00
 0.130     5.783821     3007.  -0.932  3.350  1.261   0.0000   5.934  -0.2451  0.0000   0.000E+00  4.418E-01  0.000E+00
 0.130     5.800845     3007.  -0.934  3.352  1.259   0.0000   5.935  -0.2429  0.0000   0.000E+00  4.418E-01  0.000E+00
 0.130     5.816828     3008.  -0.935  3.353  1.256   0.0000   5.935  -0.2406  0.0000   0.000E+00  4.419E-01  0.000E+00
 0.130     5.831870     3008.  -0.937  3.355  1.254   0.0000   5.936  -0.2384  0.0000   0.000E+00  4.419E-01  0.000E+00
 0.130     5.846056     3008.  -0.938  3.356  1.252   0.0000   5.937  -0.2362  0.0000   0.000E+00  4.420E-01  0.000E+00
 0.130     5.859462     3008.  -0.939  3.358  1.249   0.0000   5.937  -0.2339  0.0000   0.000E+00  4.420E-01  0.000E+00
 0.130     5.872152     3009.  -0.941  3.360  1.247   0.0000   5.938  -0.2317  0.0000   0.000E+00  4.421E-01  0.000E+00
 0.130     5.884186     3009.  -0.942  3.361  1.245   0.0000   5.939  -0.2295  0.0000   0.000E+00  4.421E-01  0.000E+00
 0.130     5.895614     3009.  -0.944  3.363  1.243   0.0000   5.939  -0.2273  0.0000   0.000E+00  4.422E-01  0.000E+00
 0.130     5.906482     3009.  -0.945  3.364  1.240   0.0000   5.940  -0.2251  0.0000   0.000E+00  4.422E-01  0.000E+00
 0.130     5.916832     3010.  -0.947  3.366  1.238   0.0000   5.941  -0.2229  0.0000   0.000E+00  4.423E-01  0.000E+00
 0.130     5.926700     3010.  -0.948  3.368  1.236   0.0000   5.941  -0.2207  0.0000   0.000E+00  4.423E-01  0.000E+00
 0.130     5.936120     3010.  -0.950  3.369  1.234   0.0000   5.942  -0.2185  0.0000   0.000E+00  4.424E-01  0.000E+00
 0.130     5.945122     3010.  -0.951  3.371  1.231   0.0000   5.943  -0.2163  0.0000   0.000E+00  4.424E-01  0.000E+00
 0.130     5.953733     3011.  -0.952  3.372  1.229   0.0000   5.944  -0.2141  0.0000   0.000E+00  4.425E-01  0.000E+00
 0.130     5.961978     3011.  -0.954  3.374  1.227   0.0000   5.944  -0.2120  0.0000   0.000E+00  4.425E-01  0.000E+00
 0.130     5.969880     3011.  -0.955  3.375  1.225   0.0000   5.945  -0.2098  0.0000   0.000E+00  4.426E-01  0.000E+00
 0.130     5.977460     3011.  -0.957  3.377  1.223   0.0000   5.946  -0.2077  0.0000   0.000E+00  4.426E-01  0.000E+00
 0.130     5.984736     3012.  -0.958  3.378  1.220   0.0000   5.946  -0.2055  0.0000   0.000E+00  4.427E-01  0.000E+00
 0.130     5.991727     3012.  -0.959  3.380  1.218   0.0000   5.947  -0.2034  0.0000   0.000E+00  4.427E-01  0.000E+00
 0.130     5.998448     3012.  -0.961  3.381  1.216   0.0000   5.947  -0.2013  0.0000   0.000E+00  4.428E-01  0.000E+00
 0.130     6.004914     3012.  -0.962  3.383  1.214   0.0000   5.948  -0.1991  0.0000   0.000E+00  4.428E-01  0.000E+00
 0.130     6.011139     3013.  -0.964  3.385  1.212   0.0000   5.949  -0.1970  0.0000   0.000E+00  4.429E-01  0.000E+00
 0.130     6.017138     3013.  -0.965  3.386  1.210   0.0000   5.949  -0.1949  0.0000   0.000E+00  4.429E-01  0.000E+00
 0.130     6.022919     3013.  -0.966  3.388  1.208   0.0000   5.950  -0.1928  0.0000   0.000E+00  4.430E-01  0.000E+00
 0.130     6.028498     3013.  -0.968  3.389  1.206   0.0000   5.951  -0.1907  0.0000   0.000E+00  4.430E-01  0.000E+00
 0.130     6.033882     3013.  -0.969  3.390  1.204   0.0000   5.951  -0.1886  0.0000   0.000E+00  4.431E-01  0.000E+00
 0.130     6.039081     3014.  -0.970  3.392  1.202   0.0000   5.952  -0.1866  0.0000   0.000E+00  4.431E-01  0.000E+00
 0.130     6.044101     3014.  -0.972  3.393  1.200   0.0000   5.953  -0.1845  0.0000   0.000E+00  4.431E-01  0.000E+00
 0.130     6.048954     3014.  -0.973  3.395  1.198   0.0000   5.953  -0.1825  0.0000   0.000E+00  4.432E-01  0.000E+00
 0.130     6.053651     3014.  -0.974  3.396  1.196   0.0000   5.954  -0.1804  0.0000   0.000E+00  4.432E-01  0.000E+00
 0.130     6.058194     3015.  -0.976  3.398  1.194   0.0000   5.955  -0.1784  0.0000   0.000E+00  4.433E-01  0.000E+00
 0.130     6.062590     3015.  -0.977  3.399  1.192   0.0000   5.955  -0.1764  0.0000   0.000E+00  4.433E-01  0.000E+00
 0.130     6.066851     3015.  -0.978  3.401  1.190   0.0000   5.956  -0.1743  0.0000   0.000E+00  4.434E-01  0.000E+00
 0.130     6.070976     3015.  -0.980  3.402  1.188   0.0000   5.956  -0.1723  0.0000   0.000E+00  4.434E-01  0.000E+00
 0.130     6.082617     3016.  -0.983  3.406  1.182   0.0000   5.958  -0.1664  0.0000   0.000E+00  4.435E-01  0.000E+00
 0.130     6.089813     3017.  -0.986  3.409  1.178   0.0000   5.959  -0.1625  0.0000   0.000E+00  4.436E-01  0.000E+00
 0.130     6.099853     3017.  -0.990  3.413  1.172   0.0000   5.961  -0.1567  0.0000   0.000E+00  4.438E-01  0.000E+00
 0.130     6.109075     3018.  -0.993  3.417  1.167   0.0000   5.963  -0.1510  0.0000   0.000E+00  4.439E-01  0.000E+00
 0.130     6.120261     3019.  -0.998  3.423  1.160   0.0000   5.965  -0.1435  0.0000   0.000E+00  4.441E-01  0.000E+00
 0.130     6.130340     3020.  -1.003  3.428  1.153   0.0000   5.967  -0.1363  0.0000   0.000E+00  4.442E-01  0.000E+00
 0.130     6.139467     3021.  -1.007  3.433  1.146   0.0000   5.970  -0.1292  0.0000   0.000E+00  4.444E-01  0.000E+00
 0.130     6.149718     3022.  -1.013  3.439  1.138   0.0000   5.972  -0.1207  0.0000   0.000E+00  4.446E-01  0.000E+00
 0.130     6.160589     3023.  -1.019  3.446  1.129   0.0000   5.975  -0.1108  0.0000   0.000E+00  4.448E-01  0.000E+00
 0.130     6.170156     3024.  -1.025  3.453  1.120   0.0000   5.978  -0.1014  0.0000   0.000E+00  4.450E-01  0.000E+00
 0.130     6.179962     3026.  -1.032  3.460  1.111   0.0000   5.981  -0.0910  0.0000   0.000E+00  4.452E-01  0.000E+00
 0.130     6.189715     3027.  -1.039  3.468  1.101   0.0000   5.985  -0.0798  0.0000   0.000E+00  4.454E-01  0.000E+00
 0.130     6.199198     3029.  -1.046  3.476  1.090   0.0000   5.988  -0.0681  0.0000   0.000E+00  4.457E-01  0.000E+00
 0.130     6.209110     3031.  -1.054  3.486  1.079   0.0000   5.992  -0.0551  0.0000   0.000E+00  4.460E-01  0.000E+00
 0.130     6.219005     3033.  -1.063  3.496  1.066   0.0000   5.997  -0.0412  0.0000   0.000E+00  4.462E-01  0.000E+00
 0.130     6.229175     3034.  -1.073  3.507  1.053   0.0000   6.001  -0.0261  0.0000   0.000E+00  4.466E-01  0.000E+00
 0.130     6.239177     3034.  -1.085  3.518  1.040   0.0000   6.006  -0.0106  0.0000   0.000E+00  4.469E-01  0.000E+00
 0.130     6.249171     3033.  -1.096  3.529  1.026   0.0000   6.011   0.0052  0.0000   0.000E+00  4.472E-01  0.000E+00
 0.130     6.259252     3033.  -1.108  3.541  1.013   0.0000   6.016   0.0213  0.0000   0.000E+00  4.476E-01  0.000E+00
 0.130     6.269310     3033.  -1.119  3.552  0.999   0.0000   6.021   0.0374  0.0000   0.000E+00  4.479E-01  0.000E+00
 0.130     6.280057     3033.  -1.131  3.564  0.986   0.0000   6.027   0.0543  0.0000   0.000E+00  4.483E-01  0.000E+00
 0.130     6.292923     3034.  -1.145  3.578  0.970   0.0000   6.033   0.0742  0.0000   0.000E+00  4.487E-01  0.000E+00
 0.130     6.301629     3034.  -1.154  3.588  0.959   0.0000   6.037   0.0875  0.0000   0.000E+00  4.490E-01  0.000E+00
 0.130     6.310436     3034.  -1.164  3.597  0.949   0.0000   6.041   0.1008  0.0000   0.000E+00  4.493E-01  0.000E+00
 0.130     6.319343     3035.  -1.173  3.607  0.938   0.0000   6.045   0.1142  0.0000   0.000E+00  4.496E-01  0.000E+00
 0.130     6.332895     3035.  -1.187  3.621  0.923   0.0000   6.052   0.1342  0.0000   0.000E+00  4.500E-01  0.000E+00
 0.130     6.342055     3036.  -1.196  3.631  0.913   0.0000   6.056   0.1476  0.0000   0.000E+00  4.502E-01  0.000E+00
 0.130     6.351311     3037.  -1.205  3.640  0.903   0.0000   6.060   0.1610  0.0000   0.000E+00  4.505E-01  0.000E+00
 0.130     6.360660     3037.  -1.214  3.650  0.893   0.0000   6.065   0.1745  0.0000   0.000E+00  4.507E-01  0.000E+00
 0.130     6.370098     3038.  -1.223  3.659  0.884   0.0000   6.069   0.1879  0.0000   0.000E+00  4.510E-01  0.000E+00
 0.130     6.379626     3039.  -1.232  3.669  0.874   0.0000   6.073   0.2014  0.0000   0.000E+00  4.513E-01  0.000E+00
 0.130     6.389241     3040.  -1.241  3.678  0.864   0.0000   6.077   0.2149  0.0000   0.000E+00  4.515E-01  0.000E+00
 0.130     6.403820     3041.  -1.255  3.692  0.850   0.0000   6.084   0.2352  0.0000   0.000E+00  4.519E-01  0.000E+00
 0.130     6.413642     3043.  -1.264  3.702  0.841   0.0000   6.088   0.2488  0.0000   0.000E+00  4.521E-01  0.000E+00
 0.130     6.423542     3044.  -1.272  3.711  0.832   0.0000   6.093   0.2624  0.0000   0.000E+00  4.523E-01  0.000E+00
 0.130     6.433519     3045.  -1.281  3.721  0.823   0.0000   6.097   0.2760  0.0000   0.000E+00  4.526E-01  0.000E+00
 0.130     6.443568     3046.  -1.290  3.730  0.814   0.0000   6.101   0.2896  0.0000   0.000E+00  4.528E-01  0.000E+00
 0.130     6.453687     3048.  -1.299  3.740  0.805   0.0000   6.106   0.3033  0.0000   0.000E+00  4.530E-01  0.000E+00
 0.130     6.463872     3049.  -1.307  3.749  0.796   0.0000   6.110   0.3169  0.0000   0.000E+00  4.532E-01  0.000E+00
 0.130     6.468989     3050.  -1.312  3.754  0.792   0.0000   6.112   0.3237  0.0000   0.000E+00  4.533E-01  0.000E+00
 0.130     6.479269     3052.  -1.320  3.763  0.783   0.0000   6.117   0.3374  0.0000   0.000E+00  4.535E-01  0.000E+00
 0.130     6.489607     3053.  -1.329  3.773  0.775   0.0000   6.121   0.3510  0.0000   0.000E+00  4.537E-01  0.000E+00
 0.130     6.500000     3055.  -1.337  3.782  0.767   0.0000   6.125   0.3647  0.0000   0.000E+00  4.540E-01  0.000E+00
 0.130     6.510447     3057.  -1.346  3.792  0.758   0.0000   6.130   0.3784  0.0000   0.000E+00  4.542E-01  0.000E+00
 0.130     6.520943     3059.  -1.354  3.801  0.750   0.0000   6.134   0.3920  0.0000   0.000E+00  4.544E-01  0.000E+00
 0.130     6.531485     3060.  -1.362  3.811  0.742   0.0000   6.138   0.4057  0.0000   0.000E+00  4.546E-01  0.000E+00
 0.130     6.542073     3062.  -1.371  3.820  0.734   0.0000   6.143   0.4194  0.0000   0.000E+00  4.547E-01  0.000E+00
 0.130     6.552701     3064.  -1.379  3.830  0.726   0.0000   6.147   0.4331  0.0000   0.000E+00  4.549E-01  0.000E+00
 0.130     6.563368     3066.  -1.387  3.839  0.718   0.0000   6.152   0.4467  0.0000   0.000E+00  4.551E-01  0.000E+00
 0.130     6.574074     3069.  -1.395  3.848  0.710   0.0000   6.156   0.4604  0.0000   0.000E+00  4.553E-01  0.000E+00
 0.130     6.579439     3070.  -1.400  3.853  0.707   0.0000   6.158   0.4673  0.0000   0.000E+00  4.554E-01  0.000E+00
 0.130     6.590197     3072.  -1.408  3.863  0.699   0.0000   6.162   0.4809  0.0000   0.000E+00  4.556E-01  0.000E+00
 0.130     6.600990     3074.  -1.416  3.872  0.691   0.0000   6.167   0.4946  0.0000   0.000E+00  4.558E-01  0.000E+00
 0.130     6.611815     3077.  -1.424  3.881  0.684   0.0000   6.171   0.5083  0.0000   0.000E+00  4.560E-01  0.000E+00
 0.130     6.622671     3079.  -1.432  3.891  0.677   0.0000   6.176   0.5220  0.0000   0.000E+00  4.561E-01  0.000E+00
 0.130     6.633560     3081.  -1.440  3.900  0.669   0.0000   6.180   0.5356  0.0000   0.000E+00  4.563E-01  0.000E+00
 0.130     6.639017     3083.  -1.444  3.905  0.666   0.0000   6.182   0.5425  0.0000   0.000E+00  4.564E-01  0.000E+00
 0.130     6.649953     3085.  -1.452  3.914  0.659   0.0000   6.186   0.5562  0.0000   0.000E+00  4.566E-01  0.000E+00
 0.130     6.660921     3088.  -1.460  3.924  0.652   0.0000   6.191   0.5699  0.0000   0.000E+00  4.567E-01  0.000E+00
 0.130     6.671921     3091.  -1.468  3.933  0.645   0.0000   6.195   0.5836  0.0000   0.000E+00  4.569E-01  0.000E+00
 0.130     6.682950     3094.  -1.475  3.942  0.638   0.0000   6.200   0.5973  0.0000   0.000E+00  4.571E-01  0.000E+00
 0.130     6.694008     3096.  -1.483  3.952  0.631   0.0000   6.204   0.6110  0.0000   0.000E+00  4.572E-01  0.000E+00
 0.130     6.699547     3098.  -1.487  3.956  0.627   0.0000   6.206   0.6179  0.0000   0.000E+00  4.573E-01  0.000E+00
 0.130     6.710645     3101.  -1.494  3.966  0.621   0.0000   6.210   0.6316  0.0000   0.000E+00  4.574E-01  0.000E+00
 0.130     6.721771     3104.  -1.502  3.975  0.614   0.0000   6.215   0.6453  0.0000   0.000E+00  4.576E-01  0.000E+00
 0.130     6.732926     3107.  -1.510  3.984  0.607   0.0000   6.219   0.6590  0.0000   0.000E+00  4.577E-01  0.000E+00
 0.130     6.744110     3110.  -1.518  3.994  0.601   0.0000   6.224   0.6728  0.0000   0.000E+00  4.578E-01  0.000E+00
 0.130     6.749712     3111.  -1.522  3.998  0.598   0.0000   6.226   0.6796  0.0000   0.000E+00  4.579E-01  0.000E+00
 0.130     6.760938     3112.  -1.530  4.008  0.591   0.0000   6.230   0.6934  0.0000   0.000E+00  4.580E-01  0.000E+00
 0.130     6.772219     3112.  -1.540  4.017  0.585   0.0000   6.234   0.7071  0.0000   0.000E+00  4.582E-01  0.000E+00
 0.130     6.783561     3112.  -1.549  4.026  0.579   0.0000   6.239   0.7208  0.0000   0.000E+00  4.583E-01  0.000E+00
 0.130     6.789252     3113.  -1.553  4.031  0.576   0.0000   6.241   0.7277  0.0000   0.000E+00  4.583E-01  0.000E+00
 0.130     6.800674     3113.  -1.563  4.040  0.570   0.0000   6.245   0.7414  0.0000   0.000E+00  4.585E-01  0.000E+00
 0.130     6.812148     3113.  -1.572  4.050  0.563   0.0000   6.250   0.7551  0.0000   0.000E+00  4.586E-01  0.000E+00
 0.130     6.823669     3113.  -1.581  4.059  0.557   0.0000   6.254   0.7688  0.0000   0.000E+00  4.587E-01  0.000E+00
 0.130     6.829446     3113.  -1.586  4.064  0.554   0.0000   6.256   0.7757  0.0000   0.000E+00  4.588E-01  0.000E+00
 0.130     6.841033     3114.  -1.595  4.073  0.549   0.0000   6.260   0.7894  0.0000   0.000E+00  4.589E-01  0.000E+00
 0.130     6.852661     3114.  -1.604  4.082  0.543   0.0000   6.265   0.8030  0.0000   0.000E+00  4.590E-01  0.000E+00
 0.130     6.864327     3114.  -1.613  4.092  0.537   0.0000   6.269   0.8167  0.0000   0.000E+00  4.591E-01  0.000E+00
 0.130     6.870174     3114.  -1.618  4.096  0.534   0.0000   6.271   0.8236  0.0000   0.000E+00  4.592E-01  0.000E+00
 0.130     6.881893     3115.  -1.627  4.105  0.528   0.0000   6.276   0.8372  0.0000   0.000E+00  4.593E-01  0.000E+00
 0.130     6.893645     3115.  -1.636  4.115  0.523   0.0000   6.280   0.8509  0.0000   0.000E+00  4.594E-01  0.000E+00
 0.130     6.899533     3115.  -1.640  4.119  0.520   0.0000   6.282   0.8577  0.0000   0.000E+00  4.595E-01  0.000E+00
 0.130     6.911332     3115.  -1.649  4.129  0.515   0.0000   6.286   0.8713  0.0000   0.000E+00  4.596E-01  0.000E+00
 0.130     6.923160     3116.  -1.658  4.138  0.509   0.0000   6.290   0.8849  0.0000   0.000E+00  4.597E-01  0.000E+00
 0.130     6.929086     3116.  -1.663  4.142  0.506   0.0000   6.293   0.8917  0.0000   0.000E+00  4.598E-01  0.000E+00
 0.130     6.940960     3116.  -1.672  4.152  0.501   0.0000   6.297   0.9053  0.0000   0.000E+00  4.599E-01  0.000E+00
 0.130     6.952863     3116.  -1.681  4.161  0.496   0.0000   6.301   0.9189  0.0000   0.000E+00  4.600E-01  0.000E+00
 0.130     6.964802     3117.  -1.690  4.170  0.491   0.0000   6.305   0.9325  0.0000   0.000E+00  4.601E-01  0.000E+00
 0.130     6.970782     3117.  -1.694  4.175  0.488   0.0000   6.308   0.9393  0.0000   0.000E+00  4.601E-01  0.000E+00
 0.130     6.982769     3117.  -1.703  4.184  0.483   0.0000   6.312   0.9529  0.0000   0.000E+00  4.602E-01  0.000E+00
 0.130     6.994794     3118.  -1.712  4.193  0.478   0.0000   6.316   0.9666  0.0000   0.000E+00  4.603E-01  0.000E+00
 0.130     7.000820     3118.  -1.717  4.198  0.475   0.0000   6.318   0.9734  0.0000   0.000E+00  4.604E-01  0.000E+00
 0.130     7.012896     3119.  -1.726  4.207  0.470   0.0000   6.322   0.9870  0.0000   0.000E+00  4.605E-01  0.000E+00
 0.130     7.025019     3119.  -1.735  4.216  0.465   0.0000   6.327   1.0007  0.0000   0.000E+00  4.606E-01  0.000E+00
 0.130     7.031093     3120.  -1.739  4.221  0.463   0.0000   6.329   1.0076  0.0000   0.000E+00  4.606E-01  0.000E+00
 0.130     7.043272     3120.  -1.748  4.230  0.458   0.0000   6.333   1.0213  0.0000   0.000E+00  4.607E-01  0.000E+00
 0.130     7.049377     3121.  -1.752  4.234  0.456   0.0000   6.335   1.0281  0.0000   0.000E+00  4.608E-01  0.000E+00
 0.130     7.061622     3122.  -1.761  4.244  0.451   0.0000   6.339   1.0419  0.0000   0.000E+00  4.608E-01  0.000E+00
 0.130     7.073902     3122.  -1.770  4.253  0.446   0.0000   6.344   1.0557  0.0000   0.000E+00  4.609E-01  0.000E+00
 0.130     7.080060     3123.  -1.774  4.258  0.444   0.0000   6.346   1.0626  0.0000   0.000E+00  4.610E-01  0.000E+00
 0.130     7.092405     3124.  -1.783  4.267  0.439   0.0000   6.350   1.0764  0.0000   0.000E+00  4.610E-01  0.000E+00
 0.130     7.104784     3125.  -1.792  4.276  0.434   0.0000   6.354   1.0902  0.0000   0.000E+00  4.611E-01  0.000E+00
 0.130     7.110990     3125.  -1.796  4.281  0.432   0.0000   6.357   1.0972  0.0000   0.000E+00  4.611E-01  0.000E+00
 0.130     7.123430     3126.  -1.805  4.290  0.427   0.0000   6.361   1.1111  0.0000   0.000E+00  4.612E-01  0.000E+00
 0.130     7.129661     3127.  -1.809  4.295  0.425   0.0000   6.363   1.1180  0.0000   0.000E+00  4.612E-01  0.000E+00
 0.130     7.142152     3128.  -1.818  4.304  0.421   0.0000   6.367   1.1319  0.0000   0.000E+00  4.613E-01  0.000E+00
 0.130     7.154673     3129.  -1.826  4.313  0.416   0.0000   6.372   1.1459  0.0000   0.000E+00  4.613E-01  0.000E+00
 0.130     7.160945     3129.  -1.831  4.318  0.414   0.0000   6.374   1.1529  0.0000   0.000E+00  4.613E-01  0.000E+00
 0.130     7.173507     3131.  -1.839  4.327  0.409   0.0000   6.378   1.1669  0.0000   0.000E+00  4.614E-01  0.000E+00
 0.130     7.179796     3131.  -1.844  4.332  0.407   0.0000   6.380   1.1739  0.0000   0.000E+00  4.614E-01  0.000E+00
 0.130     7.192383     3132.  -1.852  4.341  0.403   0.0000   6.385   1.1879  0.0000   0.000E+00  4.615E-01  0.000E+00
 0.130     7.204982     3133.  -1.861  4.350  0.399   0.0000   6.389   1.2019  0.0000   0.000E+00  4.615E-01  0.000E+00
 0.130     7.211283     3134.  -1.865  4.355  0.397  -0.0004   6.391   1.2089  0.0000   0.000E+00  4.615E-01  0.000E+00
 0.130     7.223896     3135.  -1.874  4.364  0.392  -0.0004   6.396   1.2229  0.0000   0.000E+00  4.616E-01  0.000E+00
 0.130     7.230204     3135.  -1.878  4.369  0.390  -0.0004   6.398   1.2298  0.0000   0.000E+00  4.616E-01  0.000E+00
 0.130     7.242825     3136.  -1.887  4.378  0.386  -0.0004   6.402   1.2438  0.0000   0.000E+00  4.616E-01  0.000E+00
 0.130     7.249135     3137.  -1.891  4.383  0.384  -0.0004   6.404   1.2508  0.0000   0.000E+00  4.616E-01  0.000E+00
 0.130     7.261765     3138.  -1.900  4.392  0.380  -0.0009   6.409   1.2647  0.0000   0.000E+00  4.617E-01  0.000E+00
 0.130     7.274400     3139.  -1.909  4.401  0.376  -0.0009   6.413   1.2786  0.0000   0.000E+00  4.617E-01  0.000E+00
 0.130     7.280717     3140.  -1.913  4.406  0.374  -0.0009   6.415   1.2856  0.0000   0.000E+00  4.617E-01  0.000E+00
 0.130     7.293358     3141.  -1.922  4.415  0.370  -0.0013   6.419   1.2995  0.0000   0.000E+00  4.617E-01  0.000E+00
 0.130     7.299682     3141.  -1.926  4.420  0.368  -0.0013   6.421   1.3065  0.0000   0.000E+00  4.618E-01  0.000E+00
 0.130     7.312323     3142.  -1.935  4.429  0.364  -0.0017   6.426   1.3204  0.0000   0.000E+00  4.618E-01  0.000E+00
 0.130     7.324965     3143.  -1.944  4.438  0.360  -0.0026   6.430   1.3343  0.0000   0.000E+00  4.618E-01  0.000E+00
 0.130     7.331286     3143.  -1.948  4.443  0.358  -0.0026   6.432   1.3412  0.0000   0.000E+00  4.618E-01  0.000E+00
 0.130     7.343932     3144.  -1.957  4.452  0.355  -0.0035   6.436   1.3550  0.0000   0.000E+00  4.619E-01  0.000E+00
 0.130     7.350256     3145.  -1.961  4.457  0.353  -0.0039   6.439   1.3620  0.0000   0.000E+00  4.619E-01  0.000E+00
 0.130     7.362910     3146.  -1.970  4.466  0.349  -0.0052   6.443   1.3758  0.0000   0.000E+00  4.619E-01  0.000E+00
 0.130     7.369240     3146.  -1.974  4.471  0.347  -0.0061   6.445   1.3827  0.0000   0.000E+00  4.619E-01  0.000E+00
 0.130     7.381905     3147.  -1.983  4.480  0.343  -0.0079   6.449   1.3964  0.0000   0.000E+00  4.619E-01  0.000E+00
 0.130     7.394581     3148.  -1.992  4.489  0.340  -0.0101   6.453   1.4102  0.0000   0.000E+00  4.620E-01  0.000E+00
 0.130     7.400925     3148.  -1.996  4.494  0.338  -0.0114   6.455   1.4171  0.0000   0.000E+00  4.620E-01  0.000E+00
 0.130     7.413623     3148.  -2.005  4.503  0.334  -0.0146   6.460   1.4308  0.0000   0.000E+00  4.620E-01  0.000E+00
 0.130     7.419981     3148.  -2.010  4.507  0.333  -0.0168   6.462   1.4377  0.0000   0.000E+00  4.620E-01  0.000E+00
 0.130     7.430699     3148.  -2.018  4.515  0.330  -0.0205   6.465   1.4493  0.0000   0.000E+00  4.620E-01  0.000E+00
 0.130     7.439517     3147.  -2.025  4.521  0.327  -0.0246   6.468   1.4587  0.0000   0.000E+00  4.620E-01  0.000E+00
 0.130     7.450398     3146.  -2.033  4.529  0.324  -0.0301   6.472   1.4704  0.0000   0.000E+00  4.620E-01  0.000E+00
 0.130     7.459368     3146.  -2.039  4.536  0.322  -0.0362   6.474   1.4801  0.0000   0.000E+00  4.621E-01  0.000E+00
 0.130     7.469327     3145.  -2.047  4.543  0.319  -0.0438   6.478   1.4907  0.0000   0.000E+00  4.621E-01  0.000E+00
 0.130     7.479585     3145.  -2.054  4.550  0.317  -0.0535   6.481   1.5017  0.0000   0.000E+00  4.621E-01  0.000E+00
 0.130     7.489729     3144.  -2.062  4.557  0.314  -0.0650   6.484   1.5125  0.0000   0.000E+00  4.621E-01  0.000E+00
 0.130     7.499541     3144.  -2.069  4.564  0.312  -0.0788   6.487   1.5229  0.0000   0.000E+00  4.621E-01  0.000E+00
 0.130     7.509983     3143.  -2.077  4.572  0.309  -0.0964   6.491   1.5340  0.0000   0.000E+00  4.621E-01  0.000E+00
 0.130     7.519621     3143.  -2.084  4.578  0.307  -0.1158   6.494   1.5442  0.0000   0.000E+00  4.621E-01  0.000E+00
 0.130     7.529302     3142.  -2.091  4.585  0.304  -0.1391   6.497   1.5544  0.0000   0.000E+00  4.621E-01  0.000E+00
 0.130     7.539405     3142.  -2.099  4.592  0.302  -0.1681   6.500   1.5650  0.0000   0.000E+00  4.621E-01  0.000E+00
 0.130     7.548982     3141.  -2.106  4.599  0.299  -0.2020   6.503   1.5751  0.0000   0.000E+00  4.621E-01  0.000E+00
 0.130     7.559337     3141.  -2.113  4.606  0.297  -0.2449   6.506   1.5859  0.0000   0.000E+00  4.621E-01  0.000E+00
 0.130     7.569158     3140.  -2.120  4.613  0.295  -0.2941   6.509   1.5962  0.0000   0.000E+00  4.622E-01  0.000E+00
 0.130     7.579046     3139.  -2.128  4.620  0.292  -0.3536   6.512   1.6065  0.0000   0.000E+00  4.622E-01  0.000E+00
 0.130     7.588998     3139.  -2.135  4.627  0.290  -0.4248   6.515   1.6169  0.0000   0.000E+00  4.622E-01  0.000E+00
 0.130     7.598973     3138.  -2.142  4.634  0.288  -0.5114   6.518   1.6272  0.0000   0.000E+00  4.622E-01  0.000E+00
 0.130     7.609088     3138.  -2.149  4.641  0.285  -0.6144   6.521   1.6377  0.0000   0.000E+00  4.622E-01  0.000E+00
 0.130     7.619051     3137.  -2.156  4.648  0.283  -0.7375   6.524   1.6480  0.0000   0.000E+00  4.622E-01  0.000E+00
 0.130     7.629076     3137.  -2.164  4.655  0.281  -0.8827   6.527   1.6583  0.0000   0.000E+00  4.622E-01  0.000E+00
 0.130     7.639019     3136.  -2.171  4.662  0.279  -1.0575   6.530   1.6685  0.0000   0.000E+00  4.622E-01  0.000E+00
 0.130     7.649054     3136.  -2.178  4.669  0.276  -1.2660   6.533   1.6788  0.0000   0.000E+00  4.622E-01  0.000E+00
 0.130     7.658996     3135.  -2.185  4.676  0.274  -1.5114   6.536   1.6890  0.0000   0.000E+00  4.622E-01  0.000E+00
 0.130     7.668988     3135.  -2.192  4.682  0.272  -1.8041   6.539   1.6992  0.0000   0.000E+00  4.622E-01  0.000E+00
 0.130     7.679011     3134.  -2.199  4.689  0.270  -2.1543   6.542   1.7094  0.0000   0.000E+00  4.622E-01  0.000E+00
 0.130     7.688972     3134.  -2.207  4.696  0.268  -2.5670   6.545   1.7196  0.0000   0.000E+00  4.623E-01  0.000E+00
 0.130     7.698997     3133.  -2.214  4.703  0.266  -3.0585   6.548   1.7297  0.0000   0.000E+00  4.623E-01  0.000E+00
 0.130     7.708979     3133.  -2.221  4.710  0.264  -3.6383   6.551   1.7399  0.0000   0.000E+00  4.623E-01  0.000E+00
 0.130     7.719030     3132.  -2.228  4.717  0.261  -4.2255   6.554   1.7500  0.0000   0.000E+00  4.623E-01  0.000E+00
 0.130     7.731079     3132.  -2.236  4.725  0.259  -4.5467   6.557   1.7622  0.0000   0.000E+00  4.623E-01  0.000E+00
 0.130     7.742917     3131.  -2.245  4.733  0.257  -4.7520   6.561   1.7741  0.0000   0.000E+00  4.623E-01  0.000E+00
 0.130     7.754944     3130.  -2.253  4.741  0.254  -4.9172   6.564   1.7861  0.0000   0.000E+00  4.623E-01  0.000E+00
 0.130     7.761743     3130.  -2.258  4.745  0.253  -5.0061   6.566   1.7928  0.0000   0.000E+00  4.623E-01  0.000E+00
 0.130     7.775361     3129.  -2.268  4.754  0.250  -5.1891   6.570   1.8064  0.0000   0.000E+00  4.624E-01  0.000E+00
 0.130     7.782177     3129.  -2.272  4.759  0.249  -5.2790   6.572   1.8132  0.0000   0.000E+00  4.624E-01  0.000E+00
 0.130     7.788999     3128.  -2.277  4.764  0.248  -5.3716   6.573   1.8199  0.0000   0.000E+00  4.624E-01  0.000E+00
 0.130     7.802660     3128.  -2.287  4.773  0.245  -5.5654   6.577   1.8335  0.0000   0.000E+00  4.624E-01  0.000E+00
 0.130     7.809501     3127.  -2.291  4.777  0.244  -5.6676   6.579   1.8402  0.0000   0.000E+00  4.624E-01  0.000E+00
 0.130     7.823202     3126.  -2.301  4.786  0.241  -5.8761   6.583   1.8537  0.0000   0.000E+00  4.625E-01  0.000E+00
 0.130     7.830060     3126.  -2.306  4.791  0.240  -5.9872   6.585   1.8605  0.0000   0.000E+00  4.625E-01  0.000E+00
 0.130     7.843793     3125.  -2.315  4.800  0.238  -6.2161   6.588   1.8740  0.0000   0.000E+00  4.625E-01  0.000E+00
 0.130     7.850670     3124.  -2.320  4.804  0.236  -6.3344   6.590   1.8808  0.0000   0.000E+00  4.625E-01  0.000E+00
 0.130     7.864440     3123.  -2.330  4.814  0.234  -6.5800   6.594   1.8943  0.0000   0.000E+00  4.625E-01  0.000E+00
 0.130     7.871335     3123.  -2.335  4.818  0.233  -6.7077   6.596   1.9010  0.0000   0.000E+00  4.625E-01  0.000E+00
 0.130     7.885145     3122.  -2.344  4.827  0.230  -6.9706   6.599   1.9145  0.0000   0.000E+00  4.626E-01  0.000E+00
 0.130     7.892062     3121.  -2.349  4.832  0.229  -7.1073   6.601   1.9212  0.0000   0.000E+00  4.626E-01  0.000E+00
 0.130     7.898985     3121.  -2.354  4.836  0.228  -7.2464   6.603   1.9280  0.0000   0.000E+00  4.626E-01  0.000E+00
 0.130     7.912857     3120.  -2.364  4.845  0.225  -7.5331   6.607   1.9415  0.0000   0.000E+00  4.626E-01  0.000E+00
 0.130     7.919806     3119.  -2.368  4.850  0.224  -7.6799   6.609   1.9482  0.0000   0.000E+00  4.626E-01  0.000E+00
 0.130     7.933732     3118.  -2.378  4.859  0.222  -7.9830   6.612   1.9617  0.0000   0.000E+00  4.626E-01  0.000E+00
 0.130     7.940711     3117.  -2.383  4.863  0.221  -8.1355   6.614   1.9684  0.0000   0.000E+00  4.627E-01  0.000E+00
 0.130     7.954699     3116.  -2.393  4.872  0.219  -8.4425   6.618   1.9819  0.0000   0.000E+00  4.627E-01  0.000E+00
 0.130     7.961713     3116.  -2.397  4.877  0.217  -8.5935   6.620   1.9886  0.0000   0.000E+00  4.627E-01  0.000E+00
 0.130     7.975781     3114.  -2.407  4.886  0.215  -8.8794   6.623   2.0020  0.0000   0.000E+00  4.627E-01  0.000E+00
 0.130     7.982838     3114.  -2.412  4.890  0.214  -9.0052   6.625   2.0088  0.0000   0.000E+00  4.627E-01  0.000E+00
 0.130     7.989911     3113.  -2.417  4.895  0.213  -9.1186   6.627   2.0155  0.0000   0.000E+00  4.627E-01  0.000E+00
 0.130     8.004106     3112.  -2.426  4.904  0.211  -9.3089   6.630   2.0290  0.0000   0.000E+00  4.627E-01  0.000E+00
 0.130     8.011232     3111.  -2.431  4.908  0.210  -9.3893   6.632   2.0357  0.0000   0.000E+00  4.628E-01  0.000E+00
 0.130     8.025535     3110.  -2.441  4.917  0.208  -9.5287   6.636   2.0492  0.0000   0.000E+00  4.628E-01  0.000E+00
 0.130     8.032719     3109.  -2.446  4.922  0.206  -9.5884   6.638   2.0560  0.0000   0.000E+00  4.628E-01  0.000E+00
 0.130     8.039925     3109.  -2.451  4.926  0.205  -9.6459   6.639   2.0627  0.0000   0.000E+00  4.628E-01  0.000E+00
 0.130     8.054402     3107.  -2.461  4.935  0.203  -9.7471   6.643   2.0763  0.0000   0.000E+00  4.628E-01  0.000E+00
 0.130     8.061675     3107.  -2.465  4.940  0.202  -9.7932   6.644   2.0830  0.0000   0.000E+00  4.628E-01  0.000E+00
 0.130     8.068972     3106.  -2.470  4.944  0.201  -9.8356   6.646   2.0898  0.0000   0.000E+00  4.628E-01  0.000E+00
 0.130     8.083646     3105.  -2.480  4.953  0.199  -9.9172   6.650   2.1033  0.0000   0.000E+00  4.628E-01  0.000E+00
 0.130     8.091023     3104.  -2.485  4.958  0.198  -9.9508   6.652   2.1100  0.0000   0.000E+00  4.629E-01  0.000E+00
 0.130     8.105871     3102.  -2.495  4.967  0.196 -10.0141   6.655   2.1235  0.0000   0.000E+00  4.629E-01  0.000E+00
 0.130     8.113338     3102.  -2.500  4.971  0.195 -10.0419   6.657   2.1303  0.0000   0.000E+00  4.629E-01  0.000E+00
 0.130     8.120844     3101.  -2.505  4.976  0.194 -10.0665   6.659   2.1370  0.0000   0.000E+00  4.629E-01  0.000E+00
 0.130     8.135962     3099.  -2.514  4.985  0.192 -10.1096   6.662   2.1505  0.0000   0.000E+00  4.629E-01  0.000E+00
 0.130     8.143580     3098.  -2.519  4.989  0.191 -10.1278   6.664   2.1572  0.0000   0.000E+00  4.629E-01  0.000E+00
 0.130     8.151241     3097.  -2.524  4.994  0.190 -10.1439   6.665   2.1639  0.0000   0.000E+00  4.629E-01  0.000E+00
 0.130     8.166711     3095.  -2.534  5.003  0.188 -10.1701   6.669   2.1774  0.0000   0.000E+00  4.629E-01  0.000E+00
 0.130     8.174525     3094.  -2.539  5.007  0.187 -10.1805   6.671   2.1841  0.0000   0.000E+00  4.629E-01  0.000E+00
 0.130     8.182398     3093.  -2.545  5.011  0.186 -10.1891   6.672   2.1908  0.0000   0.000E+00  4.629E-01  0.000E+00
 0.130     8.190332     3092.  -2.550  5.016  0.185 -10.1965   6.674   2.1975  0.0000   0.000E+00  4.629E-01  0.000E+00
 0.130     8.206408     3090.  -2.560  5.025  0.183 -10.2069   6.677   2.2109  0.0000   0.000E+00  4.629E-01  0.000E+00
 0.130     8.214560     3088.  -2.565  5.029  0.182 -10.2097   6.679   2.2176  0.0000   0.000E+00  4.629E-01  0.000E+00
 0.130     8.222797     3087.  -2.570  5.034  0.182 -10.2118   6.681   2.2243  0.0000   0.000E+00  4.629E-01  0.000E+00
 0.130     8.231120     3086.  -2.575  5.038  0.181 -10.2118   6.682   2.2310  0.0000   0.000E+00  4.629E-01  0.000E+00
 0.130     8.239542     3085.  -2.580  5.042  0.180 -10.2111   6.684   2.2376  0.0000   0.000E+00  4.629E-01  0.000E+00
 0.130     8.256703     3082.  -2.591  5.051  0.178 -10.2062   6.687   2.2510  0.0000   0.000E+00  4.629E-01  0.000E+00
 0.130     8.265464     3081.  -2.596  5.056  0.177 -10.2013   6.689   2.2576  0.0000   0.000E+00  4.629E-01  0.000E+00
 0.130     8.274354     3080.  -2.601  5.060  0.176 -10.1952   6.691   2.2643  0.0000   0.000E+00  4.630E-01  0.000E+00
 0.130     8.283389     3078.  -2.606  5.064  0.175 -10.1878   6.692   2.2709  0.0000   0.000E+00  4.630E-01  0.000E+00
 0.130     8.292579     3077.  -2.611  5.069  0.174 -10.1791   6.694   2.2775  0.0000   0.000E+00  4.630E-01  0.000E+00
 0.130     8.301941     3076.  -2.616  5.073  0.173 -10.1688   6.696   2.2841  0.0000   0.000E+00  4.630E-01  0.000E+00
 0.130     8.311491     3074.  -2.621  5.077  0.173 -10.1568   6.697   2.2908  0.0000   0.000E+00  4.630E-01  0.000E+00
 0.130     8.321244     3073.  -2.626  5.082  0.172 -10.1433   6.699   2.2973  0.0000   0.000E+00  4.630E-01  0.000E+00
 0.130     8.331223     3072.  -2.631  5.086  0.171 -10.1284   6.700   2.3039  0.0000   0.000E+00  4.630E-01  0.000E+00
 0.130     8.341452     3070.  -2.636  5.090  0.170 -10.1113   6.702   2.3105  0.0000   0.000E+00  4.630E-01  0.000E+00
 0.130     8.351957     3069.  -2.642  5.095  0.169 -10.0926   6.704   2.3171  0.0000   0.000E+00  4.630E-01  0.000E+00
 0.130     8.362765     3068.  -2.647  5.099  0.168 -10.0716   6.705   2.3236  0.0000   0.000E+00  4.629E-01  0.000E+00
 0.130     8.373919     3066.  -2.652  5.103  0.168 -10.0487   6.707   2.3301  0.0000   0.000E+00  4.629E-01  0.000E+00
 0.130     8.385461     3065.  -2.657  5.108  0.167 -10.0237   6.708   2.3366  0.0000   0.000E+00  4.629E-01  0.000E+00
 0.130     8.397438     3064.  -2.662  5.112  0.166  -9.9957   6.710   2.3431  0.0000   0.000E+00  4.629E-01  0.000E+00
 0.130     8.409798     3062.  -2.667  5.116  0.165  -9.9666   6.711   2.3495  0.0000   0.000E+00  4.629E-01  0.000E+00
 0.130     8.422008     3061.  -2.671  5.120  0.164  -9.9393   6.713   2.3555  0.0000   0.000E+00  4.629E-01  0.000E+00
 0.130     8.434066     3060.  -2.676  5.124  0.164  -9.9136   6.714   2.3612  0.0000   0.000E+00  4.629E-01  0.000E+00
 0.130     8.445967     3059.  -2.680  5.127  0.163  -9.8861   6.715   2.3665  0.0000   0.000E+00  4.629E-01  0.000E+00
 0.130     8.457705     3057.  -2.684  5.130  0.162  -9.8633   6.716   2.3715  0.0000   0.000E+00  4.629E-01  0.000E+00
 0.130     8.469277     3056.  -2.687  5.133  0.162  -9.8416   6.718   2.3761  0.0000   0.000E+00  4.629E-01  0.000E+00
 0.130     8.480682     3055.  -2.691  5.136  0.161  -9.8182   6.719   2.3804  0.0000   0.000E+00  4.629E-01  0.000E+00
 0.130     8.491916     3055.  -2.694  5.139  0.161  -9.7986   6.720   2.3844  0.0000   0.000E+00  4.629E-01  0.000E+00
 0.130     8.502979     3054.  -2.697  5.141  0.160  -9.7799   6.721   2.3882  0.0000   0.000E+00  4.629E-01  0.000E+00
 0.130     8.513866     3053.  -2.699  5.144  0.160  -9.7620   6.721   2.3916  0.0000   0.000E+00  4.629E-01  0.000E+00
 0.130     8.524580     3052.  -2.702  5.146  0.160  -9.7471   6.722   2.3948  0.0000   0.000E+00  4.629E-01  0.000E+00
 0.130     8.535122     3052.  -2.704  5.148  0.159  -9.7305   6.723   2.3977  0.0000   0.000E+00  4.629E-01  0.000E+00
 0.130     8.545488     3051.  -2.706  5.149  0.159  -9.7167   6.723   2.4004  0.0000   0.000E+00  4.629E-01  0.000E+00
 0.130     8.555682     3051.  -2.708  5.151  0.159  -9.7033   6.724   2.4029  0.0000   0.000E+00  4.629E-01  0.000E+00
 0.130     8.565705     3050.  -2.710  5.152  0.158  -9.6904   6.724   2.4051  0.0000   0.000E+00  4.629E-01  0.000E+00
 0.130     8.575557     3050.  -2.712  5.154  0.158  -9.6799   6.725   2.4072  0.0000   0.000E+00  4.629E-01  0.000E+00
 0.130     8.585243     3049.  -2.713  5.155  0.158  -9.6676   6.725   2.4091  0.0000   0.000E+00  4.629E-01  0.000E+00
 0.130     8.594761     3049.  -2.714  5.156  0.158  -9.6576   6.726   2.4109  0.0000   0.000E+00  4.629E-01  0.000E+00
 0.130     8.604118     3048.  -2.716  5.157  0.157  -9.6478   6.726   2.4124  0.0000   0.000E+00  4.629E-01  0.000E+00
 0.130     8.613313     3048.  -2.717  5.158  0.157  -9.6383   6.726   2.4139  0.0000   0.000E+00  4.629E-01  0.000E+00
 0.130     8.624096     3048.  -2.718  5.159  0.157  -9.6198   6.727   2.4154  0.0000   0.000E+00  4.629E-01  0.000E+00
 0.130     8.636692     3047.  -2.719  5.160  0.157  -9.5901   6.727   2.4170  0.0000   0.000E+00  4.629E-01  0.000E+00
 0.130     8.651341     3047.  -2.721  5.161  0.157  -9.5498   6.728   2.4187  0.0000   0.000E+00  4.629E-01  0.000E+00
 0.130     8.668291     3047.  -2.722  5.162  0.157  -9.5031   6.728   2.4203  0.0000   0.000E+00  4.629E-01  0.000E+00
 0.130     8.687795     3046.  -2.723  5.163  0.156  -9.4473   6.728   2.4219  0.0000   0.000E+00  4.629E-01  0.000E+00
 0.130     8.710098     3046.  -2.724  5.164  0.156  -9.3862   6.729   2.4233  0.0000   0.000E+00  4.629E-01  0.000E+00
 0.130     8.735434     3046.  -2.725  5.165  0.156  -9.3197   6.729   2.4245  0.0000   0.000E+00  4.628E-01  0.000E+00
 0.130     8.760031     3045.  -2.726  5.166  0.156  -9.2716   6.729   2.4254  0.0000   0.000E+00  4.628E-01  0.000E+00
 0.130     8.783310     3045.  -2.726  5.166  0.156  -9.2373   6.729   2.4261  0.0000   0.000E+00  4.628E-01  0.000E+00
 0.130     8.805404     3045.  -2.727  5.166  0.156  -9.2125   6.729   2.4266  0.0000   0.000E+00  4.628E-01  0.000E+00
 0.130     8.826428     3045.  -2.727  5.167  0.156  -9.1931   6.730   2.4269  0.0000   0.000E+00  4.628E-01  0.000E+00
 0.130     8.846481     3045.  -2.727  5.167  0.156  -9.1785   6.730   2.4271  0.0000   0.000E+00  4.628E-01  0.000E+00
 0.130     8.865649     3045.  -2.727  5.167  0.156  -9.1662   6.730   2.4273  0.0000   0.000E+00  4.628E-01  0.000E+00
 0.130     8.884007     3045.  -2.727  5.167  0.156  -9.1555   6.730   2.4274  0.0000   0.000E+00  4.628E-01  0.000E+00
 0.130     8.901620     3045.  -2.727  5.167  0.156  -9.1469   6.730   2.4275  0.0000   0.000E+00  4.628E-01  0.000E+00
 0.130     8.918547     3045.  -2.728  5.167  0.156  -9.1391   6.730   2.4276  0.0000   0.000E+00  4.628E-01  0.000E+00
 0.130     8.934839     3045.  -2.728  5.167  0.156  -9.1319   6.730   2.4276  0.0000   0.000E+00  4.628E-01  0.000E+00
 0.130     8.950541     3045.  -2.728  5.167  0.156  -9.1255   6.730   2.4277  0.0000   0.000E+00  4.628E-01  0.000E+00
 0.130     8.965695     3045.  -2.728  5.167  0.156  -9.1192   6.730   2.4277  0.0000   0.000E+00  4.628E-01  0.000E+00
 0.130     8.980339     3045.  -2.728  5.167  0.156  -9.1135   6.730   2.4277  0.0000   0.000E+00  4.628E-01  0.000E+00
 0.130     8.994505     3045.  -2.728  5.167  0.156  -9.1079   6.730   2.4277  0.0000   0.000E+00  4.628E-01  0.000E+00
 0.130     9.008221     3045.  -2.728  5.167  0.156  -9.1029   6.730   2.4277  0.0000   0.000E+00  4.628E-01  0.000E+00
 0.130     9.021520     3045.  -2.728  5.167  0.156  -9.0980   6.730   2.4277  0.0000   0.000E+00  4.628E-01  0.000E+00
 0.130     9.034424     3045.  -2.728  5.167  0.156  -9.0931   6.730   2.4277  0.0000   0.000E+00  4.628E-01  0.000E+00
 0.130     9.046955     3045.  -2.728  5.167  0.156  -9.0883   6.730   2.4277  0.0000   0.000E+00  4.628E-01  0.000E+00
 0.130     9.059135     3045.  -2.728  5.167  0.156  -9.0841   6.730   2.4277  0.0000   0.000E+00  4.628E-01  0.000E+00
 0.130     9.070979     3045.  -2.728  5.167  0.156  -9.0799   6.730   2.4277  0.0000   0.000E+00  4.628E-01  0.000E+00
 0.130     9.082513     3045.  -2.728  5.167  0.156  -9.0757   6.730   2.4277  0.0000   0.000E+00  4.628E-01  0.000E+00
 0.130     9.093747     3045.  -2.728  5.167  0.156  -9.0716   6.730   2.4277  0.0000   0.000E+00  4.628E-01  0.000E+00
 0.130     9.104699     3045.  -2.728  5.167  0.156  -9.0675   6.730   2.4277  0.0000   0.000E+00  4.628E-01  0.000E+00
 0.130     9.115381     3045.  -2.728  5.167  0.156  -9.0635   6.730   2.4277  0.0000   0.000E+00  4.628E-01  0.000E+00
 0.130     9.125803     3045.  -2.728  5.167  0.156  -9.0600   6.730   2.4277  0.0000   0.000E+00  4.628E-01  0.000E+00
 0.130     9.135984     3045.  -2.728  5.167  0.156  -9.0560   6.730   2.4277  0.0000   0.000E+00  4.628E-01  0.000E+00
 0.130     9.145933     3045.  -2.728  5.167  0.156  -9.0526   6.730   2.4277  0.0000   0.000E+00  4.628E-01  0.000E+00
 0.130     9.155658     3045.  -2.728  5.167  0.156  -9.0487   6.730   2.4277  0.0000   0.000E+00  4.628E-01  0.000E+00
 0.130     9.165170     3045.  -2.728  5.167  0.156  -9.0453   6.730   2.4277  0.0000   0.000E+00  4.628E-01  0.000E+00
 0.130     9.174478     3045.  -2.728  5.167  0.156  -9.0419   6.730   2.4277  0.0000   0.000E+00  4.628E-01  0.000E+00
 0.130     9.183589     3045.  -2.727  5.167  0.156  -9.0386   6.730   2.4277  0.0000   0.000E+00  4.628E-01  0.000E+00
 0.130     9.192514     3045.  -2.727  5.167  0.156  -9.0353   6.730   2.4277  0.0000   0.000E+00  4.628E-01  0.000E+00
 0.130     9.201261     3045.  -2.727  5.167  0.156  -9.0320   6.730   2.4277  0.0000   0.000E+00  4.628E-01  0.000E+00
 0.130     9.209834     3045.  -2.727  5.167  0.156  -9.0287   6.730   2.4277  0.0000   0.000E+00  4.628E-01  0.000E+00
 0.130     9.218241     3045.  -2.727  5.167  0.156  -9.0255   6.730   2.4277  0.0000   0.000E+00  4.628E-01  0.000E+00
 0.130     9.226486     3045.  -2.727  5.167  0.156  -9.0227   6.730   2.4276  0.0000   0.000E+00  4.628E-01  0.000E+00
 0.130     9.234581     3045.  -2.727  5.167  0.156  -9.0195   6.730   2.4276  0.0000   0.000E+00  4.628E-01  0.000E+00
 0.130     9.242527     3045.  -2.727  5.167  0.156  -9.0164   6.730   2.4276  0.0000   0.000E+00  4.628E-01  0.000E+00
 0.130     9.250330     3045.  -2.727  5.167  0.156  -9.0137   6.730   2.4276  0.0000   0.000E+00  4.628E-01  0.000E+00
 0.130     9.257995     3045.  -2.727  5.167  0.156  -9.0110   6.730   2.4276  0.0000   0.000E+00  4.628E-01  0.000E+00
 0.130     9.265525     3045.  -2.727  5.167  0.156  -9.0079   6.730   2.4276  0.0000   0.000E+00  4.628E-01  0.000E+00
 0.130     9.272929     3045.  -2.727  5.167  0.156  -9.0052   6.730   2.4276  0.0000   0.000E+00  4.628E-01  0.000E+00
 0.130     9.280209     3045.  -2.727  5.167  0.156  -9.0026   6.730   2.4276  0.0000   0.000E+00  4.628E-01  0.000E+00
 0.130     9.287369     3045.  -2.727  5.167  0.156  -9.0000   6.730   2.4276  0.0000   0.000E+00  4.628E-01  0.000E+00
 0.130     9.294413     3045.  -2.727  5.167  0.156  -8.9957   6.730   2.4276  0.0000   0.000E+00  4.628E-01  0.000E+00
 0.130     9.301343     3045.  -2.727  5.167  0.156  -8.9957   6.730   2.4276  0.0000   0.000E+00  4.628E-01  0.000E+00
 0.130     9.308165     3045.  -2.727  5.167  0.156  -8.9914   6.730   2.4276  0.0000   0.000E+00  4.628E-01  0.000E+00
 0.130     9.314882     3045.  -2.727  5.167  0.156  -8.9914   6.730   2.4276  0.0000   0.000E+00  4.628E-01  0.000E+00
 0.130     9.321497     3045.  -2.727  5.167  0.156  -8.9872   6.730   2.4276  0.0000   0.000E+00  4.628E-01  0.000E+00
 0.130     9.328012     3045.  -2.727  5.167  0.156  -8.9830   6.730   2.4276  0.0000   0.000E+00  4.628E-01  0.000E+00
 0.130     9.334432     3045.  -2.727  5.167  0.156  -8.9830   6.730   2.4276  0.0000   0.000E+00  4.628E-01  0.000E+00
 0.130     9.340755     3045.  -2.727  5.167  0.156  -8.9788   6.730   2.4276  0.0000   0.000E+00  4.628E-01  0.000E+00
 0.130     9.346990     3045.  -2.727  5.167  0.156  -8.9788   6.730   2.4276  0.0000   0.000E+00  4.628E-01  0.000E+00
 0.130     9.353137     3045.  -2.727  5.167  0.156  -8.9747   6.730   2.4276  0.0000   0.000E+00  4.628E-01  0.000E+00
 0.130     9.359198     3045.  -2.727  5.167  0.156  -8.9747   6.730   2.4276  0.0000   0.000E+00  4.628E-01  0.000E+00
 0.130     9.365175     3045.  -2.727  5.167  0.156  -8.9706   6.730   2.4276  0.0000   0.000E+00  4.628E-01  0.000E+00
 0.130     9.371070     3045.  -2.727  5.167  0.156  -8.9666   6.730   2.4276  0.0000   0.000E+00  4.628E-01  0.000E+00
 0.130     9.376887     3045.  -2.727  5.167  0.156  -8.9666   6.730   2.4276  0.0000   0.000E+00  4.628E-01  0.000E+00
 0.130     9.382628     3045.  -2.727  5.167  0.156  -8.9626   6.730   2.4275  0.0000   0.000E+00  4.628E-01  0.000E+00
 0.130     9.388293     3045.  -2.727  5.167  0.156  -8.9626   6.730   2.4275  0.0000   0.000E+00  4.628E-01  0.000E+00
 0.130     9.393886     3045.  -2.727  5.167  0.156  -8.9586   6.730   2.4275  0.0000   0.000E+00  4.628E-01  0.000E+00
 0.130     9.399405     3045.  -2.727  5.167  0.156  -8.9586   6.730   2.4275  0.0000   0.000E+00  4.628E-01  0.000E+00
 0.130     9.404858     3045.  -2.727  5.167  0.156  -8.9547   6.730   2.4275  0.0000   0.000E+00  4.628E-01  0.000E+00
 0.130     9.410242     3045.  -2.727  5.167  0.156  -8.9547   6.730   2.4275  0.0000   0.000E+00  4.628E-01  0.000E+00
 0.130     9.415561     3045.  -2.727  5.167  0.156  -8.9508   6.730   2.4275  0.0000   0.000E+00  4.628E-01  0.000E+00
 0.130     9.420815     3045.  -2.727  5.167  0.156  -8.9508   6.730   2.4275  0.0000   0.000E+00  4.628E-01  0.000E+00
 0.130     9.426005     3045.  -2.727  5.167  0.156  -8.9469   6.730   2.4275  0.0000   0.000E+00  4.628E-01  0.000E+00
 0.130     9.431135     3046.  -2.727  5.167  0.156  -8.9469   6.730   2.4275  0.0000   0.000E+00  4.628E-01  0.000E+00
 0.130     9.436206     3046.  -2.727  5.167  0.156  -8.9431   6.730   2.4275  0.0000   0.000E+00  4.628E-01  0.000E+00
 0.130     9.441217     3046.  -2.727  5.167  0.156  -8.9431   6.730   2.4275  0.0000   0.000E+00  4.628E-01  0.000E+00
 0.130     9.446172     3046.  -2.727  5.167  0.156  -8.9393   6.730   2.4275  0.0000   0.000E+00  4.628E-01  0.000E+00
 0.130     9.451071     3046.  -2.727  5.167  0.156  -8.9393   6.730   2.4275  0.0000   0.000E+00  4.628E-01  0.000E+00
 0.130     9.455913     3046.  -2.727  5.167  0.156  -8.9355   6.730   2.4275  0.0000   0.000E+00  4.628E-01  0.000E+00
 0.130     9.460704     3046.  -2.727  5.167  0.156  -8.9355   6.730   2.4275  0.0000   0.000E+00  4.628E-01  0.000E+00
 0.130     9.465442     3046.  -2.727  5.167  0.156  -8.9318   6.730   2.4275  0.0000   0.000E+00  4.628E-01  0.000E+00
 0.130     9.470130     3046.  -2.727  5.167  0.156  -8.9318   6.730   2.4275  0.0000   0.000E+00  4.628E-01  0.000E+00
 0.130     9.474767     3046.  -2.727  5.167  0.156  -8.9281   6.730   2.4275  0.0000   0.000E+00  4.628E-01  0.000E+00
 0.130     9.479354     3046.  -2.727  5.167  0.156  -8.9281   6.730   2.4275  0.0000   0.000E+00  4.628E-01  0.000E+00
 0.130     9.483894     3046.  -2.727  5.167  0.156  -8.9245   6.730   2.4275  0.0000   0.000E+00  4.628E-01  0.000E+00
 0.130     9.488387     3046.  -2.727  5.167  0.156  -8.9245   6.730   2.4275  0.0000   0.000E+00  4.628E-01  0.000E+00
 0.130     9.492834     3046.  -2.727  5.167  0.156  -8.9208   6.730   2.4274  0.0000   0.000E+00  4.628E-01  0.000E+00
 0.130     9.497237     3046.  -2.727  5.167  0.156  -8.9208   6.730   2.4274  0.0000   0.000E+00  4.628E-01  0.000E+00
 0.130     9.501593     3046.  -2.727  5.167  0.156  -8.9208   6.730   2.4274  0.0000   0.000E+00  4.628E-01  0.000E+00
 0.130     9.505908     3046.  -2.727  5.167  0.156  -8.9172   6.730   2.4274  0.0000   0.000E+00  4.628E-01  0.000E+00
 0.130     9.510180     3046.  -2.727  5.167  0.156  -8.9172   6.730   2.4274  0.0000   0.000E+00  4.628E-01  0.000E+00
 0.130     9.522749     3046.  -2.727  5.167  0.156  -8.9101   6.730   2.4274  0.0000   0.000E+00  4.628E-01  0.000E+00
 0.130     9.530932     3046.  -2.727  5.167  0.156  -8.9101   6.730   2.4274  0.0000   0.000E+00  4.628E-01  0.000E+00
 0.130     9.542922     3046.  -2.727  5.167  0.156  -8.9031   6.730   2.4274  0.0000   0.000E+00  4.628E-01  0.000E+00
 0.130     9.550737     3046.  -2.727  5.167  0.156  -8.8996   6.730   2.4274  0.0000   0.000E+00  4.628E-01  0.000E+00
 0.130     9.562201     3046.  -2.727  5.167  0.156  -8.8962   6.730   2.4274  0.0000   0.000E+00  4.628E-01  0.000E+00
 0.130     9.569678     3046.  -2.727  5.167  0.156  -8.8928   6.730   2.4274  0.0000   0.000E+00  4.628E-01  0.000E+00
 0.130     9.580659     3046.  -2.727  5.167  0.156  -8.8894   6.730   2.4273  0.0000   0.000E+00  4.628E-01  0.000E+00
 0.130     9.591369     3046.  -2.727  5.167  0.156  -8.8861   6.730   2.4273  0.0000   0.000E+00  4.628E-01  0.000E+00
 0.130     9.601820     3046.  -2.727  5.167  0.156  -8.8827   6.730   2.4273  0.0000   0.000E+00  4.628E-01  0.000E+00
 0.130     9.612027     3046.  -2.727  5.167  0.156  -8.8794   6.730   2.4273  0.0000   0.000E+00  4.628E-01  0.000E+00
 0.130     9.621998     3046.  -2.727  5.167  0.156  -8.8729   6.730   2.4273  0.0000   0.000E+00  4.628E-01  0.000E+00
 0.130     9.631747     3046.  -2.727  5.167  0.156  -8.8697   6.730   2.4273  0.0000   0.000E+00  4.628E-01  0.000E+00
 0.130     9.641281     3046.  -2.727  5.167  0.156  -8.8665   6.730   2.4272  0.0000   0.000E+00  4.628E-01  0.000E+00
 0.130     9.650611     3046.  -2.727  5.167  0.156  -8.8633   6.730   2.4272  0.0000   0.000E+00  4.628E-01  0.000E+00
 0.130     9.659743     3046.  -2.727  5.167  0.156  -8.8601   6.730   2.4272  0.0000   0.000E+00  4.628E-01  0.000E+00
 0.130     9.671629     3046.  -2.727  5.167  0.156  -8.8570   6.730   2.4272  0.0000   0.000E+00  4.628E-01  0.000E+00
 0.130     9.680336     3046.  -2.727  5.167  0.156  -8.8539   6.730   2.4272  0.0000   0.000E+00  4.628E-01  0.000E+00
 0.130     9.691678     3046.  -2.727  5.167  0.156  -8.8477   6.730   2.4272  0.0000   0.000E+00  4.628E-01  0.000E+00
 0.130     9.699995     3046.  -2.727  5.167  0.156  -8.8447   6.730   2.4271  0.0000   0.000E+00  4.628E-01  0.000E+00
 0.130     9.710842     3046.  -2.727  5.167  0.156  -8.8416   6.730   2.4271  0.0000   0.000E+00  4.628E-01  0.000E+00
 0.130     9.721425     3046.  -2.727  5.167  0.156  -8.8356   6.730   2.4271  0.0000   0.000E+00  4.628E-01  0.000E+00
 0.130     9.729196     3046.  -2.726  5.167  0.156  -8.8327   6.731   2.4271  0.0000   0.000E+00  4.628E-01  0.000E+00
 0.130     9.739345     3046.  -2.726  5.167  0.156  -8.8297   6.731   2.4271  0.0000   0.000E+00  4.628E-01  0.000E+00
 0.130     9.749264     3046.  -2.726  5.167  0.156  -8.8268   6.731   2.4270  0.0000   0.000E+00  4.628E-01  0.000E+00
 0.130     9.761351     3046.  -2.726  5.167  0.156  -8.8210   6.731   2.4270  0.0000   0.000E+00  4.628E-01  0.000E+00
 0.130     9.770784     3046.  -2.726  5.167  0.156  -8.8182   6.731   2.4270  0.0000   0.000E+00  4.628E-01  0.000E+00
 0.130     9.780017     3046.  -2.726  5.167  0.156  -8.8153   6.731   2.4270  0.0000   0.000E+00  4.628E-01  0.000E+00
 0.130     9.789057     3046.  -2.726  5.167  0.156  -8.8097   6.731   2.4269  0.0000   0.000E+00  4.628E-01  0.000E+00
 0.130     9.800100     3046.  -2.726  5.167  0.156  -8.8069   6.731   2.4269  0.0000   0.000E+00  4.628E-01  0.000E+00
 0.130     9.810869     3047.  -2.726  5.167  0.156  -8.8013   6.731   2.4269  0.0000   0.000E+00  4.628E-01  0.000E+00
 0.130     9.819295     3047.  -2.726  5.167  0.156  -8.7986   6.731   2.4269  0.0000   0.000E+00  4.628E-01  0.000E+00
 0.130     9.829603     3047.  -2.726  5.167  0.156  -8.7959   6.731   2.4268  0.0000   0.000E+00  4.628E-01  0.000E+00
 0.130     9.839673     3047.  -2.726  5.167  0.156  -8.7905   6.731   2.4268  0.0000   0.000E+00  4.628E-01  0.000E+00
 0.130     9.849514     3047.  -2.726  5.167  0.156  -8.7878   6.731   2.4268  0.0000   0.000E+00  4.628E-01  0.000E+00
 0.130     9.859137     3047.  -2.726  5.167  0.156  -8.7825   6.731   2.4267  0.0000   0.000E+00  4.628E-01  0.000E+00
 0.130     9.870410     3047.  -2.726  5.167  0.156  -8.7799   6.731   2.4267  0.0000   0.000E+00  4.628E-01  0.000E+00
 0.130     9.879586     3047.  -2.726  5.167  0.156  -8.7747   6.731   2.4267  0.0000   0.000E+00  4.628E-01  0.000E+00
 0.130     9.890347     3047.  -2.726  5.166  0.156  -8.7721   6.731   2.4266  0.0000   0.000E+00  4.628E-01  0.000E+00
 0.130     9.899115     3047.  -2.726  5.166  0.156  -8.7670   6.731   2.4266  0.0000   0.000E+00  4.628E-01  0.000E+00
 0.130     9.909409     3047.  -2.726  5.166  0.156  -8.7645   6.731   2.4266  0.0000   0.000E+00  4.628E-01  0.000E+00
 0.130     9.919464     3047.  -2.726  5.166  0.156  -8.7595   6.731   2.4265  0.0000   0.000E+00  4.628E-01  0.000E+00
 0.130     9.929291     3047.  -2.726  5.166  0.156  -8.7545   6.731   2.4265  0.0000   0.000E+00  4.628E-01  0.000E+00
 0.130     9.940483     3047.  -2.725  5.166  0.156  -8.7520   6.731   2.4264  0.0000   0.000E+00  4.628E-01  0.000E+00
 0.130     9.949851     3047.  -2.725  5.166  0.156  -8.7471   6.731   2.4264  0.0000   0.000E+00  4.628E-01  0.000E+00
 0.130     9.959021     3047.  -2.725  5.166  0.156  -8.7447   6.731   2.4263  0.0000   0.000E+00  4.628E-01  0.000E+00
 0.130     9.969481     3047.  -2.725  5.166  0.156  -8.7399   6.731   2.4263  0.0000   0.000E+00  4.628E-01  0.000E+00
 0.130     9.979694     3047.  -2.725  5.166  0.156  -8.7352   6.731   2.4262  0.0000   0.000E+00  4.628E-01  0.000E+00
 0.130     9.989674     3048.  -2.725  5.166  0.156  -8.7305   6.731   2.4262  0.0000   0.000E+00  4.628E-01  0.000E+00
 0.130     9.999428     3048.  -2.725  5.166  0.156  -8.7258   6.731   2.4261  0.0000   0.000E+00  4.628E-01  0.000E+00
